600 -17.7387
601 -17.8509
602 -17.9529
603 -18.0411
604 -18.112
605 -18.1618
606 -18.1869
607 -18.1837
608 -18.1485
609 -18.0777
610 -17.9646
611 -17.8081
612 -17.6131
613 -17.3847
614 -17.1277
615 -16.8471
616 -16.5477
617 -16.2346
618 -15.9127
619 -15.5869
620 -15.2621
621 -14.9433
622 -14.6355
623 -14.3434
624 -14.0722
625 -13.8266
626 -13.6117
627 -13.4324
628 -13.2937
629 -13.2003
630 -13.1574
631 -13.155
632 -13.1793
633 -13.2294
634 -13.3043
635 -13.4028
636 -13.5242
637 -13.6673
638 -13.8312
639 -14.015
640 -14.2174
641 -14.4378
642 -14.6749
643 -14.9278
644 -15.1956
645 -15.4772
646 -15.7716
647 -16.0779
648 -16.395
649 -16.722
650 -17.0579
651 -17.4017
652 -17.7512
653 -18.1058
654 -18.4671
655 -18.8365
656 -19.2153
657 -19.6051
658 -20.0073
659 -20.4233
660 -20.8546
661 -21.3026
662 -21.7688
663 -22.2546
664 -22.7614
665 -23.2907
666 -23.844
667 -24.4227
668 -25.0282
669 -25.6619
670 -26.3254
671 -27.02
672 -27.7472
673 -28.5534
674 -29.4741
675 -30.4941
676 -31.5983
677 -32.7717
678 -33.9993
679 -35.2658
680 -36.5563
681 -37.8556
682 -39.1488
683 -40.4206
684 -41.656
685 -42.84
686 -43.9574
687 -44.9932
688 -45.9324
689 -46.7597
690 -47.4602
691 -48.0187
692 -48.4202
693 -48.6496
694 -48.7058
695 -48.6059
696 -48.3625
697 -47.9878
698 -47.4942
699 -46.8943
700 -46.2003
701 -45.4247
702 -44.5799
703 -43.6783
704 -42.7322
705 -41.7541
706 -40.7565
707 -39.7516
708 -38.7519
709 -37.7698
710 -36.8176
711 -35.9079
712 -35.053
713 -34.2652
714 -33.5571
715 -32.8602
716 -32.1048
717 -31.3017
718 -30.4613
719 -29.5943
720 -28.7114
721 -27.823
722 -26.9398
723 -26.0724
724 -25.2314
725 -24.4273
726 -23.6709
727 -22.9726
728 -22.3431
729 -21.793
730 -21.3329
731 -20.9734
732 -20.725
733 -20.5984
734 -20.6042
735 -20.753
736 -21.0824
737 -21.6099
738 -22.3157
739 -23.1801
740 -24.1831
741 -25.3051
742 -26.5263
743 -27.8268
744 -29.187
745 -30.5869
746 -32.0069
747 -33.4272
748 -34.8279
749 -36.1893
750 -37.4916
751 -38.715
752 -39.8397
753 -40.846
754 -41.7141
755 -42.4241
756 -42.9564
757 -43.3299
758 -43.5837
759 -43.7279
760 -43.7726
761 -43.7279
762 -43.6038
763 -43.4106
764 -43.1582
765 -42.8569
766 -42.5166
767 -42.1476
768 -41.7599
769 -41.3636
770 -40.9689
771 -40.5858
772 -40.2244
773 -39.8948
774 -39.6072
775 -39.3717
776 -39.1983
777 -39.0971
778 -39.0531
779 -39.042
780 -39.0603
781 -39.1044
782 -39.1707
783 -39.2558
784 -39.3561
785 -39.468
786 -39.588
787 -39.7125
788 -39.838
789 -39.961
790 -40.0778
791 -40.185
792 -40.279
793 -40.3562
794 -40.4131
795 -40.4462
796 -40.4518
797 -40.4266
798 -40.3668
799 -40.2783
800 -40.1698
