600 -17.4423
601 -17.5012
602 -17.5629
603 -17.6273
604 -17.6947
605 -17.765
606 -17.8383
607 -17.9148
608 -17.9946
609 -18.0777
610 -17.8352
611 -17.5937
612 -17.3532
613 -17.1136
614 -16.8749
615 -16.6371
616 -16.4002
617 -16.1641
618 -15.9288
619 -15.6943
620 -15.4605
621 -15.2274
622 -14.995
623 -14.7633
624 -14.5322
625 -14.3017
626 -14.0718
627 -13.8424
628 -13.6136
629 -13.3853
630 -13.1574
631 -13.329
632 -13.5035
633 -13.6808
634 -13.861
635 -14.0442
636 -14.2303
637 -14.4194
638 -14.6116
639 -14.8068
640 -15.0051
641 -15.2066
642 -15.4112
643 -15.619
644 -15.8301
645 -16.0444
646 -16.2621
647 -16.4831
648 -16.7076
649 -16.9355
650 -17.1668
651 -17.4017
652 -17.8984
653 -18.3946
654 -18.8905
655 -19.386
656 -19.8811
657 -20.3758
658 -20.8701
659 -21.364
660 -21.8575
661 -22.3505
662 -22.8432
663 -23.3355
664 -23.8273
665 -24.3187
666 -24.8097
667 -25.3004
668 -25.7905
669 -26.2803
670 -26.7697
671 -27.2586
672 -27.7472
673 -28.5098
674 -29.3034
675 -30.1266
676 -30.9783
677 -31.8572
678 -32.7622
679 -33.6921
680 -34.6457
681 -35.6219
682 -36.6194
683 -37.6372
684 -38.6739
685 -39.7284
686 -40.7994
687 -41.8856
688 -42.9858
689 -44.0987
690 -45.2229
691 -46.357
692 -47.4997
693 -48.6496
694 -48.0903
695 -47.5193
696 -46.936
697 -46.3399
698 -45.7304
699 -45.1069
700 -44.4686
701 -43.8151
702 -43.1455
703 -42.4592
704 -41.7554
705 -41.0332
706 -40.2918
707 -39.5304
708 -38.7481
709 -37.9438
710 -37.1166
711 -36.2654
712 -35.3892
713 -34.4868
714 -33.5571
715 -32.9591
716 -32.3595
717 -31.7585
718 -31.156
719 -30.5521
720 -29.9468
721 -29.3404
722 -28.7327
723 -28.1238
724 -27.5139
725 -26.903
726 -26.2911
727 -25.6784
728 -25.0648
729 -24.4505
730 -23.8356
731 -23.22
732 -22.6039
733 -21.9873
734 -21.3703
735 -20.753
736 -21.5316
737 -22.3295
738 -23.1477
739 -23.9874
740 -24.8498
741 -25.7362
742 -26.6478
743 -27.5861
744 -28.5524
745 -29.5484
746 -30.5755
747 -31.6355
748 -32.73
749 -33.8609
750 -35.03
751 -36.2391
752 -37.4903
753 -38.7856
754 -40.127
755 -41.5166
756 -42.9564
757 -42.7681
758 -42.5802
759 -42.3927
760 -42.2056
761 -42.0189
762 -41.8327
763 -41.6469
764 -41.4616
765 -41.2768
766 -41.0924
767 -40.9084
768 -40.725
769 -40.542
770 -40.3596
771 -40.1777
772 -39.9962
773 -39.8153
774 -39.635
775 -39.4551
776 -39.2758
777 -39.0971
778 -39.0883
779 -39.0869
780 -39.0926
781 -39.1055
782 -39.1254
783 -39.1522
784 -39.1858
785 -39.2263
786 -39.2735
787 -39.3274
788 -39.3881
789 -39.4555
790 -39.5295
791 -39.6103
792 -39.6978
793 -39.7921
794 -39.8932
795 -40.0011
796 -40.116
797 -40.2378
798 -40.3668
799 -40.1636
800 -39.9589
