600 -17.5854
601 -17.6401
602 -17.6948
603 -17.7495
604 -17.8042
605 -17.8589
606 -17.9136
607 -17.9683
608 -18.023
609 -18.0777
610 -17.8434
611 -17.6091
612 -17.3748
613 -17.1405
614 -16.9062
615 -16.6719
616 -16.4376
617 -16.2033
618 -15.969
619 -15.7347
620 -15.5004
621 -15.2661
622 -15.0318
623 -14.7975
624 -14.5632
625 -14.3289
626 -14.0946
627 -13.8603
628 -13.626
629 -13.3917
630 -13.1574
631 -13.3595
632 -13.5616
633 -13.7637
634 -13.9658
635 -14.1679
636 -14.3701
637 -14.5722
638 -14.7743
639 -14.9764
640 -15.1785
641 -15.3806
642 -15.5827
643 -15.7848
644 -15.9869
645 -16.189
646 -16.3912
647 -16.5933
648 -16.7954
649 -16.9975
650 -17.1996
651 -17.4017
652 -17.8943
653 -18.387
654 -18.8796
655 -19.3723
656 -19.8649
657 -20.3576
658 -20.8502
659 -21.3428
660 -21.8355
661 -22.3281
662 -22.8208
663 -23.3134
664 -23.8061
665 -24.2987
666 -24.7913
667 -25.284
668 -25.7766
669 -26.2693
670 -26.7619
671 -27.2546
672 -27.7472
673 -28.7426
674 -29.7379
675 -30.7333
676 -31.7286
677 -32.724
678 -33.7193
679 -34.7147
680 -35.71
681 -36.7054
682 -37.7007
683 -38.6961
684 -39.6914
685 -40.6868
686 -41.6821
687 -42.6775
688 -43.6728
689 -44.6682
690 -45.6635
691 -46.6589
692 -47.6542
693 -48.6496
694 -47.9309
695 -47.2122
696 -46.4935
697 -45.7748
698 -45.0561
699 -44.3375
700 -43.6188
701 -42.9001
702 -42.1814
703 -41.4627
704 -40.744
705 -40.0253
706 -39.3066
707 -38.5879
708 -37.8692
709 -37.1506
710 -36.4319
711 -35.7132
712 -34.9945
713 -34.2758
714 -33.5571
715 -32.9474
716 -32.3377
717 -31.7279
718 -31.1182
719 -30.5085
720 -29.8988
721 -29.2891
722 -28.6793
723 -28.0696
724 -27.4599
725 -26.8502
726 -26.2405
727 -25.6308
728 -25.021
729 -24.4113
730 -23.8016
731 -23.1919
732 -22.5822
733 -21.9724
734 -21.3627
735 -20.753
736 -21.8103
737 -22.8676
738 -23.9249
739 -24.9822
740 -26.0395
741 -27.0968
742 -28.1541
743 -29.2114
744 -30.2687
745 -31.326
746 -32.3834
747 -33.4407
748 -34.498
749 -35.5553
750 -36.6126
751 -37.6699
752 -38.7272
753 -39.7845
754 -40.8418
755 -41.8991
756 -42.9564
757 -42.7726
758 -42.5888
759 -42.4051
760 -42.2213
761 -42.0375
762 -41.8537
763 -41.67
764 -41.4862
765 -41.3024
766 -41.1186
767 -40.9349
768 -40.7511
769 -40.5673
770 -40.3835
771 -40.1998
772 -40.016
773 -39.8322
774 -39.6484
775 -39.4647
776 -39.2809
777 -39.0971
778 -39.1576
779 -39.218
780 -39.2785
781 -39.3389
782 -39.3994
783 -39.4599
784 -39.5203
785 -39.5808
786 -39.6413
787 -39.7017
788 -39.7622
789 -39.8226
790 -39.8831
791 -39.9436
792 -40.004
793 -40.0645
794 -40.125
795 -40.1854
796 -40.2459
797 -40.3063
798 -40.3668
799 -40.1499
800 -39.9331
