600 -18.5822
601 -18.6236
602 -18.6372
603 -18.627
604 -18.5958
605 -18.5446
606 -18.4709
607 -18.3712
608 -18.2409
609 -18.0777
610 -17.8818
611 -17.6594
612 -17.4206
613 -17.1783
614 -16.9443
615 -16.7275
616 -16.5296
617 -16.3459
618 -16.1656
619 -15.9745
620 -15.7581
621 -15.5055
622 -15.2127
623 -14.883
624 -14.5282
625 -14.1679
626 -13.8265
627 -13.5317
628 -13.309
629 -13.1798
630 -13.1574
631 -13.2442
632 -13.4318
633 -13.7011
634 -14.0262
635 -14.3798
636 -14.7374
637 -15.1177
638 -15.5324
639 -15.9994
640 -16.5315
641 -17.1248
642 -17.7526
643 -18.3663
644 -18.9052
645 -19.3038
646 -19.4954
647 -19.4618
648 -19.2049
649 -18.7471
650 -18.1288
651 -17.4017
652 -16.6214
653 -15.8383
654 -15.0999
655 -14.4296
656 -13.849
657 -13.3734
658 -13.0183
659 -12.803
660 -12.7526
661 -12.8959
662 -13.2611
663 -13.867
664 -14.7282
665 -15.8387
666 -17.1801
667 -18.7221
668 -20.4264
669 -22.2319
670 -24.0846
671 -25.9355
672 -27.7472
673 -29.4917
674 -31.1772
675 -32.6211
676 -34.2029
677 -35.7392
678 -37.2228
679 -38.6408
680 -39.9753
681 -41.2183
682 -42.375
683 -43.4629
684 -44.502
685 -45.5016
686 -46.4501
687 -47.3111
688 -48.0233
689 -48.5526
690 -48.9526
691 -49.0508
692 -48.9381
693 -48.6496
694 -48.2059
695 -47.639
696 -46.9781
697 -46.2469
698 -45.4651
699 -44.65
700 -43.8175
701 -42.9929
702 -42.1825
703 -41.283
704 -40.538
705 -39.8261
706 -39.138
707 -38.4664
708 -37.7973
709 -37.1197
710 -36.426
711 -35.7161
712 -34.9956
713 -34.2732
714 -33.5571
715 -32.8528
716 -32.1609
717 -31.4761
718 -30.7896
719 -30.1323
720 -29.4642
721 -28.8811
722 -28.1668
723 -27.4227
724 -26.5645
725 -25.6506
726 -24.6832
727 -23.6694
728 -22.6267
729 -21.5963
730 -20.6687
731 -19.9695
732 -19.7276
733 -19.9196
734 -20.2948
735 -20.753
736 -21.2392
737 -21.7523
738 -22.3207
739 -22.9872
740 -23.7988
741 -24.7957
742 -26.0011
743 -27.4112
744 -28.9459
745 -30.5948
746 -32.2229
747 -33.8861
748 -35.5546
749 -36.9621
750 -38.1764
751 -39.1835
752 -40.0512
753 -40.8286
754 -41.5585
755 -42.2666
756 -42.9564
757 -43.6124
758 -44.209
759 -44.7216
760 -45.1372
761 -45.4598
762 -45.7037
763 -45.8908
764 -46.0408
765 -46.1632
766 -46.2521
767 -46.2864
768 -46.2336
769 -46.056
770 -45.7192
771 -45.2023
772 -44.4994
773 -43.6245
774 -42.6069
775 -41.4856
776 -40.3025
777 -39.0971
778 -37.9058
779 -36.7625
780 -35.7024
781 -34.7552
782 -33.9398
783 -33.3244
784 -32.9625
785 -32.9052
786 -33.1815
787 -33.7892
788 -34.6775
789 -35.7456
790 -36.872
791 -37.9382
792 -38.7855
793 -39.379
794 -39.7375
795 -39.9323
796 -40.0489
797 -40.1739
798 -40.3668
799 -40.6427
800 -40.9819
