200 5.81169
201 5.7792
202 5.7407
203 5.70066
204 5.65981
205 5.61233
206 5.54624
207 5.44671
208 5.29561
209 5.07698
210 4.781
211 4.40435
212 3.95353
213 3.43948
214 2.87743
215 2.28162
216 1.66459
217 1.03599
218 0.402616
219 -0.230245
220 -0.856198
221 -1.46783
222 -2.05633
223 -2.61378
224 -3.13418
225 -3.61781
226 -4.0711
227 -4.50558
228 -4.93565
229 -5.37407
230 -5.82634
231 -6.28953
232 -6.74993
233 -7.18602
234 -7.57065
235 -7.87663
236 -8.08257
237 -8.17507
238 -8.1511
239 -8.01774
240 -7.78792
241 -7.4778
242 -7.1025
243 -6.67359
244 -6.19817
245 -5.6786
246 -5.11646
247 -4.51192
248 -3.86419
249 -3.17096
250 -2.42898
251 -1.63079
252 -0.768699
253 0.164533
254 1.17274
255 2.25697
256 3.40497
257 4.59802
258 5.80867
259 7.00691
260 8.16086
261 9.24968
262 10.2634
263 11.205
264 12.0911
265 12.954
266 13.8224
267 14.7251
268 15.6799
269 16.6972
270 17.7786
271 18.9252
272 20.1441
273 21.4534
274 22.8829
275 24.4824
276 26.3014
277 28.3928
278 30.7785
279 33.4453
280 36.3297
281 39.3289
282 42.3064
283 45.1226
284 47.643
285 49.7408
286 51.3034
287 52.2296
288 52.4303
289 51.8482
290 50.4776
291 48.3812
292 45.6895
293 42.5903
294 39.2983
295 36.0025
296 32.8598
297 29.9743
298 27.3973
299 25.1401
300 23.1845
301 21.4972
302 20.0359
303 18.7645
304 17.6543
305 16.6795
306 15.8217
307 15.0651
308 14.3951
309 13.8008
310 13.2701
311 12.7955
312 12.3664
313 11.9748
314 11.6154
315 11.2832
316 10.9761
317 10.6929
318 10.4325
319 10.1935
320 9.97395
321 9.77167
322 9.58493
323 9.41093
324 9.25054
325 9.10508
326 8.97555
327 8.85958
328 8.74866
329 8.62779
330 8.46522
331 8.24668
332 7.95627
333 7.58742
334 7.14249
335 6.63123
336 6.06717
337 5.46471
338 4.83805
339 4.20613
340 3.57223
341 2.95088
342 2.35477
343 1.79433
344 1.27409
345 0.800277
346 0.373163
347 -0.0105951
348 -0.357441
349 -0.67662
350 -0.984032
351 -1.2915
352 -1.60669
353 -1.92969
354 -2.25783
355 -2.5808
356 -2.88616
357 -3.16295
358 -3.40387
359 -3.60444
360 -3.77105
361 -3.91484
362 -4.04993
363 -4.1899
364 -4.34486
365 -4.5215
366 -4.72019
367 -4.937
368 -5.16455
369 -5.39419
370 -5.61748
371 -5.82782
372 -6.02029
373 -6.19288
374 -6.34567
375 -6.4811
376 -6.60288
377 -6.71641
378 -6.8271
379 -6.94072
380 -7.06064
381 -7.1874
382 -7.31871
383 -7.44801
384 -7.56623
385 -7.6635
386 -7.73059
387 -7.76122
388 -7.75263
389 -7.70586
390 -7.62412
391 -7.511
392 -7.36901
393 -7.19704
394 -6.99045
395 -6.74103
396 -6.43914
397 -6.07635
398 -5.64802
399 -5.15657
400 -4.61195
401 -4.03203
402 -3.44116
403 -2.86633
404 -2.33306
405 -1.86182
406 -1.46583
407 -1.15061
408 -0.916238
409 -0.762087
410 -0.687973
411 -0.698647
412 -0.802722
413 -1.01078
414 -1.3284
415 -1.75432
416 -2.27592
417 -2.86976
418 -3.50602
419 -4.15337
420 -4.78457
421 -5.38222
422 -5.94063
423 -6.46663
424 -6.97474
425 -7.48366
426 -8.01066
427 -8.56686
428 -9.15442
429 -9.76576
430 -10.3852
431 -10.9907
432 -11.5575
433 -12.0618
434 -12.4841
435 -12.8133
436 -13.0498
437 -13.206
438 -13.3055
439 -13.3766
440 -13.4482
441 -13.5423
442 -13.6705
443 -13.8342
444 -14.0253
445 -14.2303
446 -14.4343
447 -14.6243
448 -14.7905
449 -14.9269
450 -15.0301
451 -15.0995
452 -15.1347
453 -15.1361
454 -15.1034
455 -15.0352
456 -14.9283
457 -14.7771
458 -14.5756
459 -14.3162
460 -13.9936
461 -13.6079
462 -13.1648
463 -12.6773
464 -12.1629
465 -11.64
466 -11.1229
467 -10.6185
468 -10.1253
469 -9.6336
470 -9.12904
471 -8.59768
472 -8.03338
473 -7.43834
474 -6.8271
475 -6.22005
476 -5.63991
477 -5.10545
478 -4.62605
479 -4.20002
480 -3.81247
481 -3.44019
482 -3.05791
483 -2.6445
484 -2.19487
485 -1.71833
486 -1.24118
487 -0.803801
488 -0.451822
489 -0.234272
490 -0.191135
491 -0.353747
492 -0.749235
493 -1.40368
494 -2.37211
495 -3.77499
496 -5.89447
497 -9.44456
498 -16.6175
499 -37.2042
500 -105.786
