200 5.55133
201 5.60414
202 5.63647
203 5.64515
204 5.62703
205 5.57896
206 5.49781
207 5.38048
208 5.2239
209 5.02506
210 4.781
211 4.47051
212 4.08052
213 3.62033
214 3.09927
215 2.52666
216 1.91178
217 1.26388
218 0.59215
219 -0.0943172
220 -0.786504
221 -1.47549
222 -2.15247
223 -2.80871
224 -3.43559
225 -4.02457
226 -4.56719
227 -5.055
228 -5.47959
229 -5.83254
230 -6.10538
231 -6.28953
232 -6.39617
233 -6.44508
234 -6.44036
235 -6.38597
236 -6.28571
237 -6.14314
238 -5.96162
239 -5.74427
240 -5.49399
241 -5.21343
242 -4.90507
243 -4.57119
244 -4.21394
245 -3.83536
246 -3.43744
247 -3.02221
248 -2.59176
249 -2.1484
250 -1.69469
251 -1.23363
252 -0.768699
253 -0.274425
254 0.278002
255 0.889652
256 1.56162
257 2.29499
258 3.09076
259 3.94977
260 4.8726
261 5.85946
262 6.91004
263 8.02335
264 9.1975
265 10.4295
266 11.7151
267 13.0483
268 14.4213
269 15.8243
270 17.245
271 18.6688
272 20.0782
273 21.4534
274 22.8354
275 24.2762
276 25.7696
277 27.3069
278 28.8768
279 30.465
280 32.0539
281 33.6222
282 35.1449
283 36.5935
284 37.9368
285 39.1413
286 40.173
287 40.9989
288 41.5886
289 41.9168
290 41.9646
291 41.7221
292 41.1887
293 40.3743
294 39.2983
295 37.9108
296 36.222
297 34.3423
298 32.3671
299 30.3727
300 28.4155
301 26.534
302 24.752
303 23.0821
304 21.5294
305 20.0938
306 18.7722
307 17.5598
308 16.4516
309 15.4425
310 14.5281
311 13.7048
312 12.9698
313 12.3215
314 11.7592
315 11.2832
316 10.882
317 10.5364
318 10.2367
319 9.97493
320 9.74369
321 9.53645
322 9.34728
323 9.17069
324 9.00156
325 8.8351
326 8.66679
327 8.49237
328 8.30781
329 8.10932
330 7.89336
331 7.65664
332 7.39615
333 7.10919
334 6.79336
335 6.44658
336 6.06717
337 5.65223
338 5.20483
339 4.73208
340 4.2405
341 3.73604
342 3.22402
343 2.7092
344 2.19577
345 1.68739
346 1.18728
347 0.69821
348 0.222621
349 -0.237371
350 -0.6799
351 -1.10331
352 -1.50608
353 -1.88683
354 -2.24421
355 -2.57692
356 -2.88363
357 -3.16295
358 -3.42247
359 -3.67149
360 -3.91095
361 -4.14158
362 -4.36398
363 -4.57854
364 -4.78556
365 -4.9852
366 -5.17752
367 -5.36248
368 -5.53997
369 -5.70978
370 -5.87164
371 -6.02524
372 -6.17016
373 -6.30596
374 -6.4321
375 -6.54799
376 -6.65297
377 -6.74629
378 -6.8271
379 -6.88834
380 -6.92436
381 -6.93647
382 -6.92603
383 -6.89449
384 -6.8434
385 -6.7744
386 -6.68927
387 -6.5899
388 -6.47829
389 -6.3566
390 -6.22714
391 -6.09233
392 -5.95474
393 -5.8171
394 -5.68223
395 -5.5531
396 -5.43278
397 -5.32443
398 -5.23127
399 -5.15657
400 -5.08427
401 -4.99777
402 -4.89965
403 -4.79263
404 -4.67954
405 -4.56338
406 -4.44731
407 -4.33464
408 -4.22883
409 -4.13347
410 -4.05224
411 -3.98887
412 -3.9471
413 -3.93061
414 -3.94293
415 -3.98739
416 -4.06705
417 -4.18458
418 -4.34225
419 -4.54183
420 -4.78457
421 -5.08383
422 -5.44506
423 -5.8574
424 -6.31044
425 -6.79441
426 -7.30034
427 -7.82011
428 -8.34643
429 -8.87285
430 -9.39363
431 -9.90369
432 -10.3985
433 -10.8738
434 -11.326
435 -11.7514
436 -12.1464
437 -12.5077
438 -12.8317
439 -13.1147
440 -13.3529
441 -13.5423
442 -13.6948
443 -13.8259
444 -13.9367
445 -14.028
446 -14.1006
447 -14.1554
448 -14.193
449 -14.214
450 -14.219
451 -14.2086
452 -14.183
453 -14.1428
454 -14.0883
455 -14.0197
456 -13.9374
457 -13.8414
458 -13.7321
459 -13.6096
460 -13.474
461 -13.3257
462 -13.1648
463 -12.9692
464 -12.7182
465 -12.4144
466 -12.0603
467 -11.6592
468 -11.2142
469 -10.7291
470 -10.2077
471 -9.65433
472 -9.07363
473 -8.47054
474 -7.85037
475 -7.21887
476 -6.58222
477 -5.94711
478 -5.32086
479 -4.7115
480 -4.12805
481 -3.58073
482 -3.08146
483 -2.6445
484 -2.28028
485 -1.99149
486 -1.78412
487 -1.66611
488 -1.6482
489 -1.7452
490 -1.97818
491 -2.37797
492 -2.99164
493 -3.89448
494 -5.21474
495 -7.18921
496 -10.3056
497 -15.7351
498 -26.9848
499 -56.9905
500 -115.128
