200 5.55952
201 5.6057
202 5.63168
203 5.6347
204 5.612
205 5.56082
206 5.47839
207 5.36196
208 5.20875
209 5.01602
210 4.781
211 4.48089
212 4.10076
213 3.64966
214 3.13665
215 2.57076
216 1.96106
217 1.31658
218 0.646381
219 -0.0404906
220 -0.734985
221 -1.42805
222 -2.11065
223 -2.77372
224 -3.40822
225 -4.00509
226 -4.5553
227 -5.04978
228 -5.4795
229 -5.83539
230 -6.10842
231 -6.28953
232 -6.40297
233 -6.47901
234 -6.5176
235 -6.51871
236 -6.48231
237 -6.40835
238 -6.29681
239 -6.14764
240 -5.96082
241 -5.73631
242 -5.47406
243 -5.17405
244 -4.83625
245 -4.4606
246 -4.04709
247 -3.59566
248 -3.1063
249 -2.57895
250 -2.0136
251 -1.41019
252 -0.768699
253 -0.0664569
254 0.714625
255 1.56772
256 2.486
257 3.46263
258 4.49079
259 5.56365
260 6.67439
261 7.81616
262 8.98215
263 10.1655
264 11.3595
265 12.5571
266 13.7517
267 14.9363
268 16.1042
269 17.2485
270 18.3624
271 19.4391
272 20.4717
273 21.4534
274 22.4472
275 23.5117
276 24.6335
277 25.7991
278 26.9951
279 28.208
280 29.4245
281 30.631
282 31.8141
283 32.9605
284 34.0566
285 35.0891
286 36.0444
287 36.9092
288 37.6699
289 38.3133
290 38.8258
291 39.194
292 39.4044
293 39.4437
294 39.2983
295 38.93
296 38.3243
297 37.5034
298 36.4895
299 35.3049
300 33.9719
301 32.5126
302 30.9493
303 29.3042
304 27.5997
305 25.8579
306 24.101
307 22.3514
308 20.6313
309 18.9628
310 17.3683
311 15.8699
312 14.49
313 13.2508
314 12.1744
315 11.2832
316 10.5468
317 9.91418
318 9.37671
319 8.92568
320 8.5524
321 8.24819
322 8.00437
323 7.81225
324 7.66314
325 7.54836
326 7.45921
327 7.38703
328 7.32311
329 7.25878
330 7.18534
331 7.09412
332 6.97642
333 6.82356
334 6.62686
335 6.37762
336 6.06717
337 5.70832
338 5.32174
339 4.91055
340 4.47784
341 4.02672
342 3.56029
343 3.08166
344 2.59392
345 2.10018
346 1.60355
347 1.10713
348 0.614012
349 0.127313
350 -0.349867
351 -0.814427
352 -1.26326
353 -1.69327
354 -2.10134
355 -2.48439
356 -2.83929
357 -3.16295
358 -3.4634
359 -3.75077
360 -4.02515
361 -4.28661
362 -4.53522
363 -4.77106
364 -4.99421
365 -5.20473
366 -5.40271
367 -5.58822
368 -5.76133
369 -5.92211
370 -6.07066
371 -6.20703
372 -6.3313
373 -6.44355
374 -6.54385
375 -6.63229
376 -6.70892
377 -6.77383
378 -6.8271
379 -6.86136
380 -6.87062
381 -6.85705
382 -6.82278
383 -6.76998
384 -6.70077
385 -6.61732
386 -6.52178
387 -6.41629
388 -6.30299
389 -6.18405
390 -6.06161
391 -5.93781
392 -5.81481
393 -5.69475
394 -5.57979
395 -5.47206
396 -5.37373
397 -5.28694
398 -5.21384
399 -5.15657
400 -5.10095
401 -5.03306
402 -4.95543
403 -4.8706
404 -4.7811
405 -4.68947
406 -4.59824
407 -4.50997
408 -4.42717
409 -4.35239
410 -4.28817
411 -4.23704
412 -4.20154
413 -4.1842
414 -4.18757
415 -4.21417
416 -4.26655
417 -4.34724
418 -4.45879
419 -4.60372
420 -4.78457
421 -5.0143
422 -5.30024
423 -5.63646
424 -6.01705
425 -6.4361
426 -6.88768
427 -7.36588
428 -7.86478
429 -8.37847
430 -8.90102
431 -9.42653
432 -9.94908
433 -10.4627
434 -10.9616
435 -11.4398
436 -11.8913
437 -12.3102
438 -12.6907
439 -13.0269
440 -13.3127
441 -13.5423
442 -13.7326
443 -13.9041
444 -14.0565
445 -14.1895
446 -14.3028
447 -14.396
448 -14.4688
449 -14.5209
450 -14.552
451 -14.5617
452 -14.5497
453 -14.5157
454 -14.4593
455 -14.3803
456 -14.2783
457 -14.1529
458 -14.0039
459 -13.8309
460 -13.6336
461 -13.4117
462 -13.1648
463 -12.6949
464 -11.8439
465 -10.6714
466 -9.23723
467 -7.60099
468 -5.82239
469 -3.9611
470 -2.07681
471 -0.22921
472 1.52202
473 3.1172
474 4.49664
475 5.60066
476 6.36958
477 6.7437
478 6.66335
479 6.06883
480 4.90048
481 3.09859
482 0.603495
483 -2.6445
484 -6.83738
485 -12.0571
486 -18.1984
487 -25.1558
488 -32.8241
489 -41.0978
490 -49.8717
491 -59.0404
492 -68.4985
493 -78.1407
494 -87.8617
495 -97.556
496 -107.118
497 -116.444
498 -125.426
499 -133.961
500 -141.942
