200 4.65107
201 4.66406
202 4.67706
203 4.69005
204 4.70304
205 4.71604
206 4.72903
207 4.74202
208 4.75501
209 4.76801
210 4.781
211 4.25383
212 3.72666
213 3.1995
214 2.67233
215 2.14516
216 1.61799
217 1.09082
218 0.563655
219 0.0364871
220 -0.490681
221 -1.01785
222 -1.54502
223 -2.07219
224 -2.59935
225 -3.12652
226 -3.65369
227 -4.18086
228 -4.70803
229 -5.23519
230 -5.76236
231 -6.28953
232 -6.02663
233 -5.76374
234 -5.50084
235 -5.23794
236 -4.97505
237 -4.71215
238 -4.44925
239 -4.18636
240 -3.92346
241 -3.66056
242 -3.39767
243 -3.13477
244 -2.87187
245 -2.60898
246 -2.34608
247 -2.08318
248 -1.82029
249 -1.55739
250 -1.29449
251 -1.0316
252 -0.768699
253 0.289496
254 1.34769
255 2.40589
256 3.46408
257 4.52228
258 5.58047
259 6.63867
260 7.69686
261 8.75506
262 9.81325
263 10.8714
264 11.9296
265 12.9878
266 14.046
267 15.1042
268 16.1624
269 17.2206
270 18.2788
271 19.337
272 20.3952
273 21.4534
274 22.3032
275 23.1529
276 24.0027
277 24.8524
278 25.7022
279 26.5519
280 27.4017
281 28.2515
282 29.1012
283 29.951
284 30.8007
285 31.6505
286 32.5002
287 33.35
288 34.1998
289 35.0495
290 35.8993
291 36.749
292 37.5988
293 38.4485
294 39.2983
295 37.9642
296 36.6302
297 35.2961
298 33.9621
299 32.628
300 31.294
301 29.9599
302 28.6259
303 27.2918
304 25.9578
305 24.6237
306 23.2897
307 21.9556
308 20.6216
309 19.2875
310 17.9535
311 16.6194
312 15.2854
313 13.9513
314 12.6173
315 11.2832
316 11.0348
317 10.7864
318 10.5381
319 10.2897
320 10.0413
321 9.79291
322 9.54452
323 9.29614
324 9.04776
325 8.79938
326 8.55099
327 8.30261
328 8.05423
329 7.80585
330 7.55746
331 7.30908
332 7.0607
333 6.81232
334 6.56393
335 6.31555
336 6.06717
337 5.62764
338 5.18811
339 4.74858
340 4.30905
341 3.86952
342 3.42999
343 2.99046
344 2.55093
345 2.1114
346 1.67187
347 1.23235
348 0.792816
349 0.353286
350 -0.0862433
351 -0.525773
352 -0.965302
353 -1.40483
354 -1.84436
355 -2.28389
356 -2.72342
357 -3.16295
358 -3.33743
359 -3.51192
360 -3.6864
361 -3.86088
362 -4.03537
363 -4.20985
364 -4.38433
365 -4.55882
366 -4.7333
367 -4.90778
368 -5.08227
369 -5.25675
370 -5.43123
371 -5.60572
372 -5.7802
373 -5.95468
374 -6.12917
375 -6.30365
376 -6.47813
377 -6.65262
378 -6.8271
379 -6.74755
380 -6.668
381 -6.58845
382 -6.5089
383 -6.42935
384 -6.34981
385 -6.27026
386 -6.19071
387 -6.11116
388 -6.03161
389 -5.95206
390 -5.87251
391 -5.79296
392 -5.71341
393 -5.63386
394 -5.55432
395 -5.47477
396 -5.39522
397 -5.31567
398 -5.23612
399 -5.15657
400 -5.13886
401 -5.12114
402 -5.10343
403 -5.08571
404 -5.068
405 -5.05028
406 -5.03257
407 -5.01486
408 -4.99714
409 -4.97943
410 -4.96171
411 -4.944
412 -4.92628
413 -4.90857
414 -4.89086
415 -4.87314
416 -4.85543
417 -4.83771
418 -4.82
419 -4.80228
420 -4.78457
421 -5.2016
422 -5.61864
423 -6.03567
424 -6.45271
425 -6.86974
426 -7.28678
427 -7.70381
428 -8.12085
429 -8.53788
430 -8.95492
431 -9.37195
432 -9.78899
433 -10.206
434 -10.6231
435 -11.0401
436 -11.4571
437 -11.8742
438 -12.2912
439 -12.7082
440 -13.1253
441 -13.5423
442 -13.5243
443 -13.5063
444 -13.4884
445 -13.4704
446 -13.4524
447 -13.4344
448 -13.4165
449 -13.3985
450 -13.3805
451 -13.3625
452 -13.3446
453 -13.3266
454 -13.3086
455 -13.2906
456 -13.2727
457 -13.2547
458 -13.2367
459 -13.2187
460 -13.2008
461 -13.1828
462 -13.1648
463 -12.6638
464 -12.1629
465 -11.6619
466 -11.1609
467 -10.66
468 -10.159
469 -9.65803
470 -9.15707
471 -8.6561
472 -8.15513
473 -7.65417
474 -7.1532
475 -6.65223
476 -6.15127
477 -5.6503
478 -5.14933
479 -4.64837
480 -4.1474
481 -3.64643
482 -3.14547
483 -2.6445
484 -10.4341
485 -18.2238
486 -26.0134
487 -33.8031
488 -41.5927
489 -49.3824
490 -57.172
491 -64.9616
492 -72.7513
493 -80.5409
494 -88.3306
495 -96.1202
496 -103.91
497 -111.7
498 -119.489
499 -127.279
500 -135.068
